1024 1 3.87569e-09
1024 2 3.87268e-09
1024 4 3.87785e-09
1024 8 3.87909e-09
1024 16 3.87634e-09
1024 32 3.87865e-09
1024 64 3.87785e-09
1024 128 3.88211e-09
1024 256 3.87217e-09
1024 512 3.8844e-09


2048 1 3.87718e-09
2048 2 3.88147e-09
2048 4 3.87679e-09
2048 8 3.88058e-09
2048 16 3.87661e-09
2048 32 3.87359e-09
2048 64 3.87907e-09
2048 128 3.88175e-09
2048 256 3.87718e-09
2048 512 3.88196e-09
2048 1024 3.88019e-09


4096 1 3.87502e-09
4096 2 3.87192e-09
4096 4 3.87858e-09
4096 8 3.87421e-09
4096 16 3.87666e-09
4096 32 3.87537e-09
4096 64 3.8754e-09
4096 128 3.87843e-09
4096 256 3.87162e-09
4096 512 3.87581e-09
4096 1024 3.87813e-09
4096 2048 3.87928e-09


8192 1 3.88274e-09
8192 2 3.88679e-09
8192 4 3.89726e-09
8192 8 3.87387e-09
8192 16 3.88102e-09
8192 32 3.88367e-09
8192 64 3.87909e-09
8192 128 3.88594e-09
8192 256 3.88001e-09
8192 512 3.88369e-09
8192 1024 3.86564e-09
8192 2048 3.8836e-09
8192 4096 3.87819e-09


16384 1 3.88581e-09
16384 2 3.88721e-09
16384 4 3.91719e-09
16384 8 4.01767e-09
16384 16 4.38429e-09
16384 32 4.90288e-09
16384 64 5.94909e-09
16384 128 8.04663e-09
16384 256 8.0654e-09
16384 512 8.10227e-09
16384 1024 8.17779e-09
16384 2048 3.86971e-09
16384 4096 3.87746e-09
16384 8192 3.87852e-09


32768 1 3.87907e-09
32768 2 3.88673e-09
32768 4 3.91878e-09
32768 8 4.02084e-09
32768 16 4.40386e-09
32768 32 4.92246e-09
32768 64 5.99456e-09
32768 128 8.10358e-09
32768 256 8.18878e-09
32768 512 8.33541e-09
32768 1024 8.64214e-09
32768 2048 8.64196e-09
32768 4096 4.53123e-09
32768 8192 3.88467e-09
32768 16384 3.87864e-09


65536 1 3.88412e-09
65536 2 3.88533e-09
65536 4 3.91799e-09
65536 8 4.0205e-09
65536 16 4.40398e-09
65536 32 4.91753e-09
65536 64 5.97331e-09
65536 128 8.10337e-09
65536 256 8.19474e-09
65536 512 8.33443e-09
65536 1024 8.6408e-09
65536 2048 8.64607e-09
65536 4096 8.65388e-09
65536 8192 4.53466e-09
65536 16384 3.8785e-09
65536 32768 3.88198e-09


131072 1 3.8797e-09
131072 2 3.88739e-09
131072 4 3.91641e-09
131072 8 4.02181e-09
131072 16 4.39356e-09
131072 32 4.92395e-09
131072 64 5.99244e-09
131072 128 8.10307e-09
131072 256 8.18294e-09
131072 512 8.33762e-09
131072 1024 8.6495e-09
131072 2048 8.64035e-09
131072 4096 8.64071e-09
131072 8192 8.64419e-09
131072 16384 4.53621e-09
131072 32768 3.87754e-09
131072 65536 3.8802e-09


262144 1 3.8908e-09
262144 2 3.89282e-09
262144 4 3.92555e-09
262144 8 4.02656e-09
262144 16 4.40753e-09
262144 32 4.93173e-09
262144 64 5.99682e-09
262144 128 8.11362e-09
262144 256 8.19519e-09
262144 512 8.3791e-09
262144 1024 8.68753e-09
262144 2048 8.65117e-09
262144 4096 8.64485e-09
262144 8192 8.65167e-09
262144 16384 8.64539e-09
262144 32768 4.53778e-09
262144 65536 3.8778e-09
262144 131072 3.8812e-09


524288 1 3.89026e-09
524288 2 3.89418e-09
524288 4 3.93049e-09
524288 8 4.04458e-09
524288 16 4.4861e-09
524288 32 5.10228e-09
524288 64 6.52665e-09
524288 128 8.3546e-09
524288 256 8.6877e-09
524288 512 9.56988e-09
524288 1024 1.06863e-08
524288 2048 1.06928e-08
524288 4096 1.0729e-08
524288 8192 1.07345e-08
524288 16384 1.07665e-08
524288 32768 1.08077e-08
524288 65536 6.49887e-09
524288 131072 3.87681e-09
524288 262144 3.87695e-09


1048576 1 3.88558e-09
1048576 2 3.89202e-09
1048576 4 3.91874e-09
1048576 8 4.03412e-09
1048576 16 4.43484e-09
1048576 32 5.01236e-09
1048576 64 6.22305e-09
1048576 128 8.20118e-09
1048576 256 8.35571e-09
1048576 512 8.81371e-09
1048576 1024 9.35704e-09
1048576 2048 9.35468e-09
1048576 4096 9.37977e-09
1048576 8192 9.37927e-09
1048576 16384 9.40147e-09
1048576 32768 9.45872e-09
1048576 65536 9.54133e-09
1048576 131072 3.87895e-09
1048576 262144 3.87844e-09
1048576 524288 3.88423e-09


2097152 1 3.99706e-09
2097152 2 4.25537e-09
2097152 4 5.41393e-09
2097152 8 9.80055e-09
2097152 16 1.92042e-08
2097152 32 4.52943e-08
2097152 64 6.34429e-08
2097152 128 1.01162e-07
2097152 256 1.01172e-07
2097152 512 1.01781e-07
2097152 1024 1.01649e-07
2097152 2048 8.36868e-08
2097152 4096 7.31556e-08
2097152 8192 6.47979e-08
2097152 16384 5.06463e-08
2097152 32768 4.74626e-08
2097152 65536 1.63928e-08
2097152 131072 8.02296e-09
2097152 262144 3.86617e-09
2097152 524288 3.87707e-09
2097152 1048576 3.8783e-09


4194304 1 4.00256e-09
4194304 2 4.28851e-09
4194304 4 5.54873e-09
4194304 8 1.03569e-08
4194304 16 2.07596e-08
4194304 32 4.95183e-08
4194304 64 7.01239e-08
4194304 128 1.14338e-07
4194304 256 1.14555e-07
4194304 512 1.15762e-07
4194304 1024 1.15875e-07
4194304 2048 1.09837e-07
4194304 4096 1.0757e-07
4194304 8192 1.06068e-07
4194304 16384 1.03673e-07
4194304 32768 1.02796e-07
4194304 65536 1.02363e-07
4194304 131072 4.82919e-08
4194304 262144 8.02663e-09
4194304 524288 3.88056e-09
4194304 1048576 3.87785e-09
4194304 2097152 3.88476e-09


8388608 1 4.00116e-09
8388608 2 4.28699e-09
8388608 4 5.55013e-09
8388608 8 1.03334e-08
8388608 16 2.07232e-08
8388608 32 4.93484e-08
8388608 64 6.96533e-08
8388608 128 1.14099e-07
8388608 256 1.14479e-07
8388608 512 1.14912e-07
8388608 1024 1.15033e-07
8388608 2048 1.12111e-07
8388608 4096 1.10908e-07
8388608 8192 1.09946e-07
8388608 16384 1.09131e-07
8388608 32768 1.08649e-07
8388608 65536 1.07938e-07
8388608 131072 1.07479e-07
8388608 262144 7.18737e-08
8388608 524288 8.0274e-09
8388608 1048576 3.88186e-09
8388608 2097152 3.87853e-09
8388608 4194304 3.88448e-09


16777216 1 4.00153e-09
16777216 2 4.2855e-09
16777216 4 5.54703e-09
16777216 8 1.03413e-08
16777216 16 2.07237e-08
16777216 32 4.93157e-08
16777216 64 6.95531e-08
16777216 128 1.14142e-07
16777216 256 1.14477e-07
16777216 512 1.14835e-07
16777216 1024 1.14772e-07
16777216 2048 1.12531e-07
16777216 4096 1.11484e-07
16777216 8192 1.10269e-07
16777216 16384 1.10021e-07
16777216 32768 1.09469e-07
16777216 65536 1.09758e-07
16777216 131072 1.09501e-07
16777216 262144 1.1095e-07
16777216 524288 9.67031e-08
16777216 1048576 8.02547e-09
16777216 2097152 3.87146e-09
16777216 4194304 3.88023e-09
16777216 8388608 3.8785e-09


